-1.475460413119624725e-01 4.061597578277260090e-01
-9.595955665163453663e-01 -3.111147333035213514e-01
-6.905275996777627823e-01 -7.044972139039206160e-01
-6.036734178140603646e-01 -2.502033018083382743e-01
-1.944745062344103992e-01 7.977734683032609853e-02
-1.450437223570276990e-01 3.424699719148748267e-01
-5.443838825586928554e-01 7.112511636605614029e-01
-8.906663260608437271e-01 3.521364449805411412e-01
-1.545053453686048572e-01 1.138131894397637900e-01
-6.977312926687939676e-01 -5.126315778162859882e-01
5.935215506674731412e-01 8.189642313427349940e-01
-3.458142912796640100e-01 3.651278629636732220e-01
7.339275181372115764e-01 6.787403464746365467e-01
-8.103307957788181692e-01 -7.951376464722711424e-01
-6.102088477519266307e-01 7.145081727970851171e-01
-7.673181594193626553e-01 -1.054196029658226869e-01
8.721188393017106355e-01 1.750427599150347624e-02
3.562571359303134955e-01 -3.514439702572153545e-01
3.701129697897757587e-01 5.878781542283716410e-01
-9.042711652771565634e-01 4.970780177455417226e-01
9.409769566747671066e-01 4.034647191983644077e-01
-4.040221011399759421e-01 5.435358912409371523e-01
-7.567990470437467865e-01 -5.742925008129633885e-02
7.672856839739423673e-01 -4.111571489918421363e-01
-4.206606533992126029e-01 -6.494155781359067792e-01
-9.055277474719373165e-01 3.680142533430282858e-01
-5.591529253313228809e-01 -3.972639769802007170e-01
-3.673794028909322523e-02 -8.069732337139607914e-01
1.245334856472640056e-01 -6.457756576981416030e-01
1.790609307883724022e-01 3.529835729706768399e-01
-7.600636582356895543e-01 -1.185425720161707441e-01
3.656304132743904423e-01 -1.732423753807567635e-01
-8.540038035561187124e-01 1.066679508952637356e-01
3.121116283742189079e-01 1.173298470617210876e-02
8.493179658498899443e-01 1.152942609296619403e-01
7.501690802156947280e-01 -6.930574200129134832e-01
-6.715825859881940918e-01 5.893871653842314151e-01
-2.100676018017404167e-01 -5.957232852628402409e-01
8.057566005874006176e-01 -3.149769012329223794e-01
4.873487288157207220e-01 3.854564781110012550e-01
7.345120510922727997e-01 1.881070024978798161e-01
4.701057699041012450e-01 -2.965496784941297204e-01
-4.190715756837968264e-01 7.373126298212330232e-01
-1.151591124539769473e-01 8.473453835949382729e-01
3.163941303961489426e-01 2.049281499280380670e-01
-7.116310958762163130e-01 8.486504455265547753e-01
-9.159565339392714001e-02 1.464159534428804976e-01
-1.868558259594857163e-01 -4.670715958094344700e-01
7.703586730265360449e-01 9.583182019141327224e-02
-9.397539728119493896e-01 2.579755434143626291e-01
-3.283432084989607591e-01 6.501646587268883337e-02
7.271674996034523941e-01 -2.939329606376229753e-01
7.824653221265857050e-01 1.852022119245757548e-01
-9.006457107057140865e-01 8.215625560508436065e-01
3.860172925566546231e-01 8.817122516292724699e-01
-6.398060384130294098e-01 -6.258537952816592975e-01
8.316180962488374240e-01 3.158209655007742644e-01
-8.133103450647017896e-01 5.022711083081803363e-01
5.023129916131835460e-01 7.414996507615503329e-01
3.847426310751332901e-01 -6.991373306087876882e-01
-9.348222980745437560e-01 -8.123210462352429273e-01
-9.085972434838331946e-01 -4.152271020687425818e-01
6.863184326465026075e-01 3.682908024577630224e-02
1.162940536843089651e-01 6.136713689357616852e-01
-7.247973043256678016e-01 -3.644883710267509680e-01
1.848341381786248183e-01 8.413201627600442878e-01
9.370986552533228098e-02 -8.761997966648633618e-01
5.592044865091359007e-01 -5.108107253801605907e-01
5.786945987521716628e-01 -2.312953081588051407e-01
7.026603873115082610e-01 4.132017974281954054e-01
9.006692429645658804e-02 -6.626968767946660455e-01
-8.542868481369193523e-01 -6.439856837700429493e-01
-8.841440673511522519e-01 -6.676071305022628355e-01
-5.116270409596800350e-01 4.106403194363324460e-01
9.093049220636736929e-02 -8.870942586171222111e-01
-7.921274627763287279e-01 8.847865017080530636e-01
1.157167545651275747e-01 -5.429188868845080673e-01
-4.595912607482962042e-01 4.639405223343006091e-01
-5.753031119877118904e-01 1.753930109052341257e-01
9.097307976461579404e-01 5.836472608690457253e-01
-4.949136974461471050e-01 1.286529940476780973e-02
2.433294431722877738e-01 5.838424884260530190e-01
-6.748684728396755483e-01 -8.388292740263980640e-01
-8.181457290848871411e-01 1.519154218475471038e-02
2.053565747091772586e-01 1.146559300981464663e-01
-3.245837926726662936e-01 9.006167812181561372e-01
1.460594291624013330e-01 -2.241652091950983583e-01
1.082464878192564706e-01 4.389672343175867186e-01
3.108571610328429990e-01 -4.408476543793355407e-01
-8.305488233155126077e-01 -1.947271556088636668e-01
2.331877437442343992e-01 -5.361907148468865181e-01
4.604564502678371585e-01 -8.073763334482328968e-01
-4.415751782266849612e-01 5.733904872237475248e-01
-5.764016591450217275e-01 2.806569192771540822e-01
6.660897386183496638e-02 7.659872493713841823e-01
-4.701730970641541663e-01 -7.630124635382937726e-01
4.595526960307242947e-01 4.704349211760259775e-01
7.954118681051064454e-01 7.434013231276831446e-01
-9.364396762111398820e-01 -4.353246503206981144e-01
2.428558810636544107e-01 8.012242771298661026e-01
8.585428357246835951e-01 6.069826468249293894e-02
7.967541592763373037e-01 2.174724262256722274e-01
-2.097769608827693699e-01 -1.513284055530894449e-02
2.006225700375502963e-01 7.993233223388540587e-02
8.297161030882017618e-01 7.177552486919268615e-01
-1.783847102807020191e-01 8.475736336363529633e-01
-6.372363728991511378e-01 -6.455469607347829042e-01
-6.935575398068917208e-01 4.409191911652144552e-02
-8.889419734265074924e-01 8.545508294167442065e-01
5.994466772147233335e-01 -9.074449811503741969e-01
-6.234339407515108178e-01 -2.736796580903624876e-01
-6.872269414296160450e-01 5.939520332019024851e-01
-2.747873759531528903e-01 8.103482804821883212e-01
1.735038028556995793e-01 6.775190488631677166e-01
6.742430196372621864e-01 7.011829108355946971e-01
-7.412956655707769738e-02 8.754105905119460851e-02
5.577930235263808267e-01 -4.152326157635852777e-01
-1.393391768676910565e-02 1.801475956839771742e-01
-9.167756102348942893e-01 2.140048327294152564e-01
-1.118443761945071419e-01 5.620216578254624284e-01
-3.330500379831653479e-01 7.276877542492108386e-01
1.333727755391778680e-01 -5.786978129814210892e-01
5.526330935396848165e-01 1.759015179566976450e-01
-8.518492202268079794e-01 -1.029502588554320336e-01
3.598774198559792636e-01 7.404404642555766358e-01
-9.277671971889226432e-01 9.085757863351645591e-01
-2.126813801884288868e-01 8.682982984713123464e-01
2.143482524312513293e-01 5.850118702317919084e-01
1.479886656363271491e-01 2.246984125300166835e-01
-4.036540312089205718e-01 1.769311847224826484e-01
4.919831815314174572e-01 6.248262980421952495e-01
4.941714409519121776e-01 3.345288480545919318e-01
6.847564454254605470e-01 -3.544966193158721190e-01
3.224403522473774930e-01 -1.046888588936565750e-01
-2.282935725104917324e-01 -1.503632032927809392e-01
-1.957859850579588001e-01 -3.211264711626291013e-01
2.285687234168950199e-01 -1.374593323639653752e-01
9.090817355799197808e-01 2.776052414921688083e-01
-5.765056821059832970e-01 -1.046009915833116116e-01
-2.840389836115888023e-01 5.528191134333022561e-01
7.412178854162815300e-01 6.951078017169398660e-01
2.987192105604246639e-01 -4.306787178737859212e-01
-4.543616154279976893e-01 6.648133684762274065e-01
6.670849152424992989e-02 5.438949027245916223e-01
1.486353422293329729e-01 4.149196910985036846e-01
4.871082489905778634e-02 4.881366899576610185e-01
1.293285205795762782e-01 -6.840210729264903367e-02
-3.191213788634632564e-01 -7.663112201850690308e-01
-2.515993922175831510e-01 -7.489323704051508157e-01
9.032075745042175141e-01 -6.205994166617138097e-01
6.103252598919299832e-01 6.491979896572911413e-01
3.614514480072271163e-01 1.082042910969043675e-01
-6.461276278261302020e-01 -2.844843869776702075e-02
-3.071260344366751882e-01 -4.829095186491924596e-01
1.671844958469254350e-01 -3.480965037849239607e-01
8.105172266146122295e-01 7.022175834365138591e-01
-4.798362024348490351e-01 -6.811819178116532703e-01
-5.837860195728385992e-01 2.773016292774965405e-02
4.210729268105783407e-01 -5.489422786997910642e-01
-4.627498078365915313e-01 6.593809064146313181e-01
-1.545838361517158921e-01 2.188341100583589827e-01
-5.248394557807704031e-01 -6.951457365290586443e-01
2.908854439432054240e-02 -4.281206904507697808e-02
-6.547220988029617272e-01 2.525093812600842091e-01
9.082521835118477493e-02 2.746786518438606994e-01
-6.641553903117907165e-01 4.878679027029261261e-01
-5.275674678166749620e-01 6.078226331835131363e-02
5.202749338508907417e-01 -8.903426849363276219e-01
-3.166408179453386040e-01 6.907323501204276628e-01
6.571757204715761302e-01 3.754390349597248877e-02
7.178915103651000162e-01 7.794770224999937325e-01
6.370188946597858948e-01 6.101475484984958397e-01
-7.558871091857882751e-01 3.108600638606040523e-01
3.920579348174168532e-01 1.804940748136805162e-01
5.480676992180980589e-01 -8.695332257214815064e-01
5.245501786790609522e-01 3.940183330912551685e-01
-4.681506108784061482e-01 -4.170547183020676951e-01
2.443714593509952460e-01 -2.920564528286531125e-01
5.614030748131871862e-01 -1.249088152377079430e-01
5.603377143404756344e-01 8.608012589950807536e-01
-3.963439521446597280e-01 -6.271029419556988227e-01
7.649311369948171846e-01 3.793393066229049787e-02
9.089549129037216568e-01 2.030133226986619577e-01
9.412085193536587902e-01 3.750251995764655039e-02
3.333365795383021191e-02 -6.617891017287804711e-01
-2.963213244173609207e-01 -8.434600407402736977e-01
-6.342938585394181095e-01 4.757442758399136884e-01
-8.990361810139542165e-01 -1.977978118427744236e-01
6.978619663903171677e-01 3.148495155151695979e-01
3.485945559128083571e-01 -5.808207704452290621e-01
-1.066730429234478417e-01 1.529239998068721573e-01
9.174262626616993543e-01 -5.809245823307721546e-01
-4.906637490560196158e-01 -4.067144213560627830e-01
4.736545966054171442e-01 -1.010183376954423562e-01
-8.420104030193170663e-01 5.650311849795260077e-02
-5.337971676504609242e-01 5.667531027054460990e-01
-4.072424456349784672e-01 -8.355357864193405648e-01
1.935902494034322796e-01 6.131767391607990669e-01
-2.146337979307270383e-01 4.629124714767812732e-01
2.308260991932653550e-02 7.302883228634179935e-02
8.876160646339775750e-01 5.071015566778823702e-01
-8.794773745812933807e-01 4.220659243287971929e-01
-4.578396309922300178e-02 8.126500183597867855e-01
-5.404407575749609061e-01 -3.954148472880746334e-01
-7.990499810235082156e-01 -9.027019816294133692e-02
-7.371631765067047093e-01 2.782259102325234656e-01
5.851488859915934260e-01 3.278143098274526324e-01
4.988375604420171583e-01 -3.096206328091062887e-01
6.542599220059733822e-01 -1.609062255734302338e-01
6.219037499707694705e-01 1.987147843356003307e-01
-6.975114095676929749e-01 -7.294200307565130714e-01
-9.358853922356520361e-01 -7.389068986261646543e-01
-9.667825324056165959e-02 -6.954387951243187205e-01
-8.859994926118375247e-01 5.047283230688544009e-01
-1.884661085900032895e-01 4.563485749280866699e-01
-9.280729101539382520e-02 -8.585422030760454792e-02
-4.289626674008779200e-02 -4.498045874729890425e-02
5.718740160712941778e-01 -2.046483855302193844e-01
7.479533781124168001e-01 -8.747771643033654954e-01
5.033508066946504877e-01 -7.024427246919481282e-01
2.026181665975156365e-01 -8.965122821292509370e-01
5.039047145314871218e-02 -9.023876318385315454e-01
8.766534970486437039e-01 6.913248134989185001e-01
5.819802268872327211e-01 7.235786576964621242e-01
-6.897716886919165180e-01 -5.861240058934378272e-01
-5.882209748098153890e-01 2.505136118603812911e-01
7.942865950563547939e-01 8.484513357669720701e-01
4.121563540541608450e-01 3.996321030317825374e-01
7.735871641840363910e-01 -2.172402530595566594e-01
-4.907533416908495538e-01 -5.674046395475516036e-01
-7.090227229483538895e-01 6.006649266868400172e-01
-6.824823824458324806e-01 -3.935086767071929725e-01
5.978955022448698697e-01 -3.721578454863819774e-01
9.063913909451472017e-01 -4.667909815017011743e-01
5.537931020374180918e-02 -3.386628745003668617e-01
7.748086564866291104e-01 -2.794408157329991149e-01
-1.256900455919077453e-01 2.839191399300777449e-02
8.126945918819213910e-01 -8.890035186460779615e-01
4.304854922360344949e-01 6.870488255723364857e-01
-8.977410498936638783e-01 8.373126430142409371e-02
-3.141698069985293107e-01 6.662873743245858460e-01
1.200801078248489445e-01 3.386035719974007652e-01
-8.368788513541694507e-02 2.364236222461942594e-01
-4.218442035900216713e-01 -8.678837005500427138e-01
1.371896094138058131e-01 -3.481280724590528064e-01
5.214456793950606600e-02 7.514785214381185519e-01
-1.515090648497984804e-01 -4.500200170371376762e-01
-2.246771089809781463e-01 7.929709625530591000e-01
8.465840909119022317e-01 5.822033216812207979e-01
7.863136180600540648e-01 -5.310793837992004995e-01
-7.969637526368434921e-01 -4.549000464964123580e-01
-3.680089031343364292e-01 -5.709747109268494825e-01
1.996089503096722395e-01 -1.662156541466881243e-01
5.868714351838079102e-01 -5.987957244732207140e-01
3.717828327686590884e-01 -4.883003102574952070e-01
1.341076800063621677e-01 -2.799945996470282750e-01
-8.549171888049268420e-01 -4.493491682584396241e-01
3.118789162333199250e-01 -2.019618196625808104e-02
2.106766382327245751e-02 -5.900407151943863893e-01
1.574918782856576938e-01 8.918309931112355926e-01
6.067724857567656782e-01 1.412841411743655795e-01
9.236184256465633791e-01 6.820809479482818904e-01
1.600912158416627207e-01 -8.544876581349599709e-01
-7.928866715383540154e-01 -7.483343717425090524e-01
-9.754687329174387134e-02 -2.208017544071455285e-01
8.883783249992052156e-01 -6.445561295757880060e-01
9.113121918107510711e-01 4.398769662346342924e-01
6.226210294193857964e-01 2.097611906684855032e-01
3.197375912804096831e-01 -5.746130125359051599e-02
-9.324866530540724119e-01 -2.206784062111750710e-01
-4.401644254870515881e-03 4.168611428538992469e-01
-6.162225664800437264e-02 -7.412409799412317257e-02
-7.115941442061854971e-01 -8.509577880386958171e-01
4.827107464206430998e-01 -3.495788365360464334e-01
9.079769813532911904e-01 -5.508970029390443113e-01
-3.055543773602300561e-01 5.817893908102018952e-02
4.829460892652920334e-01 -8.900900503326300561e-02
-7.220175815380470707e-01 -3.042927091105397386e-01
1.665576234067604397e-02 3.139910456525064064e-01
4.964874070493057179e-01 -6.936072945910615184e-01
-9.061913685766574966e-01 7.876746548454990893e-02
5.667717273156536173e-01 -9.102241997797071438e-01
3.365797004792671632e-01 3.218482244688405935e-01
-7.725775973621197557e-02 7.548637664759485499e-01
2.515240990186967673e-01 -9.081776657420451704e-01
-1.294004626817332054e-02 6.512796833862711798e-01
6.351033513630365279e-01 2.390996714455964622e-01
3.338919794215849945e-01 1.258553758668856104e-01
-4.266561766179109982e-01 1.304236825232222563e-01
3.196633905563508460e-01 -2.828151186639271675e-01
6.623878833950012091e-01 -5.845405567612750319e-01
4.604697586168138845e-01 -4.034512713704327957e-01
5.172199978598178705e-01 -1.560877218470607397e-01
5.782303605158373161e-01 -2.934293645998752309e-01
-5.319547719783439543e-01 5.099498113026480484e-01
-3.530086234160186853e-01 4.395807618119779714e-01
4.518919866273934938e-01 -5.265394507802706459e-01
-5.575190868327652982e-01 -5.179398751205164242e-01
-6.853773255306446766e-01 -1.891375116402936041e-01
-9.180638518701591533e-01 -6.597479768367709996e-01
3.458010756305073818e-01 5.259599507741183899e-01
-8.099790769880549357e-01 -4.463110035220294036e-01
-5.365313757920794346e-01 7.818801263942383173e-01
4.042693656221465481e-01 7.784914815896272489e-02
-3.561366025818673564e-01 6.237256942545079674e-01
-1.033612289441418614e-01 7.718324200738433394e-01
3.907451711793483162e-01 -5.884524059210395619e-02
-6.886028134751310814e-01 8.956110794752855098e-01
-6.605487135950880440e-01 -5.062960336424180419e-01
-1.352867393906533044e-01 -1.668693451692389584e-01
-6.609913577055460676e-01 4.474979262690155779e-01
-5.851115212201316584e-01 2.891122925326741200e-01
4.700923459438707819e-01 -5.467382541611215396e-01
2.034891225968940842e-01 4.408281786966805060e-01
2.672987694940011649e-01 1.628353403928239906e-01
-3.781049512860126249e-01 4.378380676563242702e-01
8.432076243935467952e-01 -1.759329536389574178e-01
5.159221314899745670e-01 -8.289064634276765986e-01
6.231742259392601957e-01 -5.876748312352124692e-01
-2.087239219937098156e-01 -3.518271054806105247e-01
-7.795768170452109791e-01 7.707367497418248226e-01
-2.454506787597687534e-01 6.756217246588835934e-02
-2.824789566747439029e-02 -6.646999245637897902e-01
-5.777731633240280607e-01 -7.392423844926533372e-01
4.001567732059992631e-03 -4.319784279533809834e-01
-2.899461002130586662e-01 -6.955639685743459921e-01
5.284717567828505214e-01 -7.381774831848976204e-01
9.084990728494443113e-01 -6.289186513701047199e-01
1.165519574920890894e-01 -8.298751695047975607e-01
5.314944032968048626e-01 -5.879895912167997230e-01
6.418888739144767985e-02 4.315977138362289689e-01
-6.632120487333829084e-01 1.248664018121155433e-01
-5.267706295753645795e-01 4.950503816875052032e-01
4.088239256485530215e-01 -6.056477630665474399e-01
6.659292826638402163e-01 -9.020763683406909372e-01
6.876469154428939135e-01 7.311174937859038492e-02
-1.720046280999127097e-01 4.769279852049516100e-01
4.350481522781278199e-01 8.612181572400149365e-01
-4.449397683041987350e-01 -8.768156141360280431e-01
8.415745740925394403e-01 6.070149793509246328e-01
4.358858331022205101e-01 8.952813727767652136e-03
4.064953470931165214e-01 4.881464549888603344e-01
-2.253588806119783128e-01 5.004921040459288095e-01
4.817603832807401676e-01 1.814962183706941568e-01
-1.774296963164945506e-01 3.659398381571389858e-01
-9.319759607297474213e-01 5.432509666654804503e-01
7.416115822636638599e-01 -5.082274548002853054e-01
-7.340052498220270838e-01 -4.706939574037277696e-01
-3.585056683588545567e-01 7.110750128791464286e-01
7.217908127735486734e-02 -3.897416134932019660e-01
-6.973260187431599144e-01 -3.459810514133535575e-01
2.083450568381816081e-01 -3.286130555230800665e-01
-8.366261209735324778e-02 -9.711014457119673815e-02
6.204641706602136431e-01 -1.636405478183882434e-01
-2.852556349872887309e-01 3.307541857279181485e-01
-5.310624561870758154e-01 -3.340012678724262052e-02
-3.463002023584233480e-01 2.466046847472851411e-01
7.150452012192147766e-01 -1.296114509069765941e-01
5.388398711022190923e-01 -1.042161856375086598e-01
2.799611295487930973e-01 -6.803173158065334292e-01
-1.084367249619217627e-01 7.464678621080055310e-01
2.129197366039702610e-01 4.726837593950291017e-01
8.847031154079679563e-03 -3.952505585268603801e-03
6.319057613495913106e-01 -8.134408824597620935e-01
1.598481511908944330e-01 7.939500552885505602e-01
1.978574476806860272e-02 -5.542229697059111171e-01
6.500139625846231839e-01 -4.814432452044972721e-01
3.835056991470585652e-01 5.419263828597417620e-02
8.591347481149277376e-01 1.832298708176010316e-01
6.197707473630758024e-01 -9.212680320880916041e-01
9.107905492081522780e-01 -8.091071268266779581e-01
-3.174897157211610810e-01 8.233777990637841659e-01
-9.186799624269567088e-01 6.292183127799869657e-01
6.839771072310062427e-01 -1.423251333024223575e-01
-4.503596681393398637e-01 5.700797289038417315e-01
-5.905095634820359957e-02 -6.592541014623579665e-01
8.318308064147920122e-01 6.764322588389343194e-01
4.695653918609854136e-04 6.458896522411604613e-01
-1.462972282169763272e-01 3.393539220030414860e-01
-1.936829959231207154e-01 1.984743408333850337e-02
-5.686848376947170047e-01 8.697426570120040390e-01
-4.096480168387471865e-01 -6.980637407483922807e-01
-6.987969242873625086e-01 -8.457812013243813931e-01
4.135668705122674260e-01 9.661469496166227855e-02
5.604071079665132737e-01 -1.452223605094002910e-02
5.639162768778193113e-01 3.269737708353433470e-01
5.239328485374048494e-01 -1.949025624325243233e-01
2.661028815662873637e-01 -5.928078711054115546e-01
-3.539571890759775075e-01 -5.755738762886276616e-01
-1.857006780087047393e-01 -4.591753962335944905e-01
-1.549263276218938445e-01 8.680857758456710371e-01
-3.192459398217716848e-01 8.892648904381696973e-01
2.533638503237831685e-01 -2.385453729300779369e-01
6.852282353779615143e-01 1.831136645394769724e-01
-4.578735877713501767e-01 5.526393331252555940e-01
-1.341122664813247378e-01 -2.514736710720396617e-01
-3.135382666353996317e-01 3.726908129257406888e-01
-4.255644571182225500e-01 5.789895396027538998e-01
-3.871688117745873958e-01 9.878457260056373868e-02
-6.482492569605195765e-03 6.437913735256537429e-01
7.237960803826737344e-01 -6.068270865295078975e-01
1.807418002953384006e-01 7.122464086239493897e-01
-8.287954175181480587e-02 7.679577430164405971e-01
-4.151544564757659872e-01 2.173257044056098874e-01
3.342908889418792495e-01 -5.084719442754891405e-01
-9.283312599882547200e-01 -1.055015917514773582e-01
8.264002945956019364e-01 -3.245631751810016397e-01
5.167884200200650868e-01 -6.141978394891622894e-01
-3.169777939143032519e-01 -6.280926691315754651e-01
4.213884204054388904e-01 3.403441292402560325e-01
3.469499219613935703e-01 -4.634752880998586622e-01
3.530837224357921134e-01 -5.110333961812307813e-01
-1.492043888437291077e-01 -2.246421390744239854e-01
-2.956185435964945318e-01 -7.865699680448844378e-01
2.599141703458360819e-01 3.627250850336720678e-01
2.228440777378052629e-01 2.576903003339915954e-01
-6.437977267207718457e-01 -6.033663405654188239e-01
4.435965831393635234e-02 6.774836312772796187e-01
-6.026196098456014782e-01 -3.788843257559080385e-02
-1.352459382077880468e-01 1.689981752585452846e-03
-6.508739870223593238e-01 -2.535501805989133772e-01
-4.367543434520546608e-01 6.451746231769094342e-01
5.676158975649727711e-01 -1.605351127782381759e-01
1.870232543537278802e-01 -6.511115182850536476e-01
8.859598187854358584e-03 -3.681180284017288584e-01
6.917597134935176140e-01 2.769770401085627776e-01
2.363678439105216800e-01 -6.910282808422184564e-01
-3.335258625138210614e-02 8.827073782429578630e-01
8.590759225430202317e-01 2.208046657011116243e-01
-6.557188182333191229e-01 2.839219738258780823e-01
1.233893349263231187e-01 -6.275971734668531199e-02
-1.322172537518963853e-01 1.862074010049864781e-01
6.770416519859500104e-01 4.216938065850056594e-01
1.705861222060628124e-01 7.607262254875331031e-01
-8.047655258828918523e-01 9.289891064031691181e-01
-8.638248787833353592e-01 -5.020034629427198025e-01
-1.650741967958317957e-01 -7.026641410976589563e-01
2.141681089925870085e-01 -8.289389347745180769e-01
-4.298524909676158523e-01 -7.738967832916969769e-01
3.947625525422571724e-01 2.857777737532906093e-01
-2.453157147228831325e-01 -5.526450069636473783e-01
4.622241101042208200e-01 -3.115913234840375634e-01
5.608918248973328025e-01 -4.927495635317880734e-02
2.693536162188617938e-02 -8.551172428912325874e-01
2.672999359219085935e-01 -2.834710527883643194e-01
-5.179262790815447604e-01 -9.445336165260911909e-02
-2.248646408609908665e-01 -4.373441643280066848e-02
9.053462051283194256e-01 -2.897547297727937066e-01
5.241805872169638114e-01 6.997595489459010332e-02
7.331232288109428286e-01 -2.984189733761896668e-01
-4.647786493541860020e-01 7.669453860555479618e-01
-8.469665315245523685e-01 8.575426477840598638e-01
1.015113263648088765e-01 -2.288327719177176978e-01
9.207536370468110132e-01 -8.446354584782019836e-01
1.001482556452184744e-02 -8.495723608305743024e-01
1.205050830221987695e-01 -5.844832474532783984e-01
2.712977072079453267e-01 8.576140401249420231e-01
7.105643361861885277e-01 -1.218830392691060555e-01
4.092141071190028567e-01 4.824713336617220127e-01
-8.481347921930964054e-03 5.208191550875120035e-02
-6.700174914847696339e-01 -2.037986162375353127e-01
-6.697171166235572626e-01 4.435321983218385999e-01
-4.607606520158751690e-02 -9.032152396776836623e-02
7.351749117682249146e-01 1.414227047997265382e-02
-1.835639658377870576e-01 -4.095313755930264921e-01
-8.175260604862617519e-01 -1.083506795016689200e-01
-9.113666912145569343e-01 -3.337099709039130224e-01
2.828364637478398419e-02 8.423259779205932718e-01
-7.346501167054318993e-01 3.491844936423662560e-01
1.272386958204329080e-02 5.011453197855086916e-01
-6.969383038095661176e-01 -7.207277154844284883e-01
-1.778408196795204510e-01 5.464125750770749690e-01
-5.737935662250251978e-01 5.128832779693180965e-01
-4.118354453508596968e-01 -4.925558507688537202e-01
-9.235640052711010517e-01 -1.384458940685299733e-01
-2.187077370859741576e-01 2.992107121295092265e-01
-8.319213755933015930e-01 -5.884707136690784379e-01
-9.370422224451184778e-01 -6.536142113691023603e-01
2.840803600548562069e-01 -1.901281612260620202e-01
-3.375946955411626704e-01 1.213377015983835433e-01
9.537254609790590809e-01 5.591514791377856231e-01
3.989412642456057756e-01 7.379130812910531523e-01
-8.950379125858279883e-01 -7.343657371354248564e-01
-5.641752644724025434e-02 -2.703731974982970243e-01
8.308587527116318983e-01 -5.943356144614995312e-02
9.371752402448860209e-02 7.111601696627317670e-01
-8.397450498184329259e-02 6.868264560716434985e-01
-4.790036629253239253e-01 -3.862118707551834285e-01
-3.241285439668848412e-01 1.019431504693416868e-01
-5.241651312081596625e-01 3.359960692275681393e-01
-6.979799539363436001e-01 -7.009435822523065740e-01
6.916370417998427556e-01 -5.102201823972922767e-01
-2.134210924045115143e-01 1.399604325711622521e-01
2.939202428647785803e-02 -7.691648717198272811e-01
7.322464324064643648e-01 7.811843125852344638e-01
5.841390851816607999e-01 -4.199893716579691239e-01
4.549660571865340314e-02 -2.930020567146343069e-01
1.259423131166864107e-01 8.528992791927090256e-01
-3.501781003180405860e-01 3.227401528109522522e-01
-3.181558432353399080e-01 5.125430532940326023e-01
-3.131045965361655692e-01 7.211711225224272104e-01
4.907507327035776634e-01 4.516270947696309213e-01
-7.144460920994132047e-02 -5.202583308872793522e-01
-8.800526120705215449e-01 -2.796921344782137275e-01
-8.710913651186824591e-01 3.935319012005406014e-01
3.206598460751421409e-01 -1.415459590792729760e-01
5.108145273770882122e-01 4.028091218340375951e-02
-8.917986356653876401e-01 -6.178009834362847563e-01
-5.905264757554262722e-01 -2.687659796607199114e-01
-8.463071323560331649e-01 2.316358374108943019e-01
2.837961200165898742e-02 2.113123351353280999e-01
-1.124844517495853236e-01 6.350999596884964182e-01
-1.098237391215145936e-01 -8.721430914345118524e-01
7.165555444299479548e-01 2.478868429143731567e-01
6.350766964652457824e-01 7.870843027179272866e-01
-8.661335537104686289e-01 -4.374696571404043666e-01
-8.338442158840903007e-01 -1.011773637872269566e-01
6.723392969560300081e-01 -7.903939031544446880e-01
-6.849013523650274160e-02 -6.747203427949990395e-01
5.346704825038244291e-01 5.921563189317355924e-01
-8.689650540056222949e-01 1.784420727258800507e-02
-4.744682753481172521e-01 8.424835296566868248e-01
8.492529168412559226e-01 1.648749264659259417e-01
8.930409241735153270e-01 -3.244950008099069527e-01
7.533957536567300606e-01 -1.551930938514151925e-01
-4.818462465814081774e-01 8.217553962193182571e-01
3.300714471676729489e-01 -8.039571441730841705e-01
7.136253771812736124e-01 3.298389333215056562e-01
2.102744440664725822e-01 4.105222865111138320e-01
-4.641228474711306951e-01 2.046089029359206002e-01
5.775009141903254539e-01 -8.355820667062454632e-01
-6.866227567490587047e-01 6.535972919595509634e-01
2.264609570014692042e-01 4.560647947777317357e-02
-4.880769247994354298e-01 -3.472557690795781693e-01
7.049509747448352570e-01 -1.762411988652218819e-01
-8.097310992428095044e-01 7.583628244429417853e-01
-5.488277318613301592e-01 6.175063708552119834e-01
7.252419449301943377e-01 -5.937642324458960313e-02
1.884746119783572427e-01 4.017983995974695050e-02
2.537890729282662461e-01 6.305227786177133309e-01
-3.964165215021792643e-01 7.142411388581925147e-01
1.108465079635383016e-01 -7.023749973786472811e-01
-5.145979308155472776e-01 1.989111610469911362e-01
-5.124839313670357388e-01 -6.424237603586160361e-01
-6.269294141844877766e-01 6.550790865679815278e-01
2.157820206925767093e-01 8.288935775466442779e-01
-2.889731814253663211e-01 1.872558599783600009e-01
1.935663195970905026e-01 2.000717539221690267e-01
-8.265214548299552044e-01 4.935976085057829921e-01
8.537845083862135587e-01 2.113993574353874999e-02
-5.728087301744709814e-01 4.859427139863116696e-01
-9.446951528371321238e-01 -2.648997152852241577e-01
7.980892465775555333e-01 1.210754079052174526e-01
6.801744902459724296e-01 1.563529046339491857e-01
6.309157821487584306e-01 6.563815323707191673e-01
-3.578449582208266810e-01 -6.652895334951989259e-01
4.179948823913909317e-01 -1.284128934975365677e-01
-7.055172459527382367e-01 1.970740242271979137e-01
-8.959746939804115184e-01 -4.991916273491586731e-01
5.255139544356323134e-01 -9.091293007585814490e-01
-3.960965029595771569e-01 -8.473609019494873218e-01
9.496677350005301443e-01 1.022042238439608147e-01
-3.729558530022789031e-01 7.949331487684039299e-01
1.143461364468270798e-02 -8.260067421941703902e-02
1.561293400270702125e-01 -4.347143127812088670e-01
-3.761562678141984195e-01 -2.140535328066982268e-01
-4.819568355609094579e-01 1.766120138613022916e-01
3.525061287533852727e-01 -7.923116982760898264e-01
9.074037758255735220e-01 4.139846854234889850e-01
5.937764733982211496e-01 4.266968058839268885e-01
-7.992746236582674024e-01 5.852772177648548659e-03
-9.529176628760253898e-02 3.169607155948531707e-01
-8.798879195632534900e-02 3.742612410474008278e-01
3.545045762262295508e-01 3.396977561136075296e-01
2.093060335754145518e-01 -6.422119855307008018e-01
5.088965291864776530e-01 4.840851068586243811e-01
7.559683389986239233e-01 -5.189723935624310780e-01
-6.197781000894087011e-01 -1.669571763111116214e-01
-3.265260003672256772e-01 5.871931306887773205e-01
2.279050809097404040e-01 4.596884511748860480e-01
-1.561084570823721152e-01 -7.177115865129582994e-01
-7.378015611307442434e-01 -1.932352038258451921e-01
-5.672070708222770596e-01 6.084781074019787184e-01
1.981959731875686526e-01 3.322886556730719754e-01
-3.600399180791243048e-02 -7.439734614241533261e-01
-5.054750906395781840e-01 -4.486816611442144553e-02
-5.950743253953330036e-01 -8.302279657460736040e-01
4.465835950329110626e-01 3.854875325931159114e-01
-3.065423493043126224e-01 6.369513228619667622e-01
-1.191365881679048444e-01 6.661819766860935799e-01
3.023854614769440619e-01 1.319848901243640960e-01
-5.676332426325646496e-01 8.119768306619661036e-02
7.408853825871696275e-01 -3.892626147831515504e-01
7.242335482569346450e-01 7.048153413574930193e-01
-3.150233433090053881e-01 3.468789443018086005e-01
7.393544500522417628e-01 -8.043963150341267854e-01
7.054655540971173089e-01 -5.942442410462026592e-01
6.727633138392319356e-01 2.697922909607701758e-01
-3.121262618834646507e-01 -6.160561303714838788e-01
2.735106023862760027e-01 6.164256858387562321e-01
6.178768869898366711e-01 2.020682538921607097e-01
8.717321136439846185e-01 1.202995558738767512e-01
-5.777851575852074317e-01 -9.977671258170857371e-02
-2.875755768002587476e-01 9.048389909890088845e-01
-2.048524905481545477e-01 9.021716048925810805e-01
2.055190373320426103e-02 -5.944346857827458308e-01
-8.148733752953029041e-01 -1.950908850394118821e-01
-7.097504758222292764e-01 2.782138499825632105e-01
-1.408934941123980433e-01 8.958183273704798388e-01
8.012008793737946943e-01 -6.742500096808092813e-01
-2.016412694217631918e-01 -5.973284755048582917e-02
1.288851327333375152e-01 5.013905220405232566e-01
-2.805896433571128043e-02 -1.435057088832651373e-01
-4.334533339606457814e-01 7.650311331152112038e-01
-8.934057809479379886e-01 6.250732343957743353e-01
-5.836959248035770154e-01 3.648450755947194035e-01
-2.532937948447183674e-01 8.710567840012435337e-01
-7.317106245004981746e-01 -5.300441994740091589e-01
7.443114683227808337e-01 1.147158957840979238e-01
-3.858335520764415993e-01 -8.851848263597632549e-01
-5.343625627495798280e-01 -6.160270402355036978e-01
-5.454758078860477699e-01 7.442700514658504574e-01
7.186503138207434027e-01 3.276184540157803804e-01
-4.091913931037241547e-02 5.943703749181942220e-01
-1.426693118069131440e-02 -2.464969591260909310e-01
-4.069430129048349776e-01 7.889704250541982322e-01
-2.151963814146811427e-01 -2.391722801380337295e-03
-4.490286315249657489e-01 7.190009852601443319e-01
-2.313389138318958094e-01 -3.552621440074720804e-01
3.993728629597049218e-01 -5.792545133509081623e-01
-7.102956222023494304e-01 6.448870678124566380e-01
4.683716149686261154e-01 1.410614829608944631e-01
-4.831210595283279563e-01 2.467460864482790006e-01
2.550558030618077510e-01 -3.246794272621583155e-01
-8.046777246010824447e-01 7.283351857373877580e-01
-6.389482656822299822e-02 4.809349807451854808e-01
-4.636902298809789658e-01 1.881064156910150498e-01
-1.408494546844225592e-01 -2.066186375237915873e-01
-7.215874307257468256e-01 -4.278722903535366884e-01
-8.089373221772596656e-01 -3.175134207010524290e-01
4.648854929683806092e-01 1.855871421170887936e-01
3.050010883654638016e-01 -9.050950843830595227e-01
3.392937901092413777e-01 -1.079471148319897239e-02
-5.266999923139623618e-01 -5.629955605041536693e-01
-5.829710170073645337e-01 6.518252099297373592e-01
9.367331066613733270e-01 7.034911138610061565e-01
-2.771974650246677441e-01 5.209518467032187017e-01
1.030009517130157370e-01 5.679846090075987286e-01
-2.676763575611223675e-02 1.641887339641943944e-01
5.276289474443192073e-01 -7.496334780979081458e-01
6.414524912766303433e-02 -2.458054119083475098e-01
2.195978302122339187e-01 8.200797692601342614e-01
-2.087387659719482924e-01 -1.836187615018030073e-01
5.593141356379457418e-01 2.354170558345844710e-01
-1.929930602349778923e-01 3.515737205604709259e-01
-1.993986464468387176e-01 -6.491931533587415037e-01
-1.015214416401147152e-01 -2.948780958689088960e-01
-5.164743035852076281e-01 7.961868280127361031e-01
3.651429378007823301e-01 1.611282121347088758e-01
4.709139752674976198e-01 5.302462028768318431e-02
4.012417886354542329e-01 7.600757559311973610e-01
6.740145021512937706e-01 -6.350776619186671024e-01
-4.702109964407362730e-01 -7.527811319933767065e-01
8.978684602050827079e-01 -5.211598117470495062e-01
2.863100984165349305e-01 -7.570609406046178158e-01
-5.497771679941587664e-01 3.193819516514985468e-02
-7.562517525478096303e-01 -1.643288758418208206e-01
6.476758099806750879e-02 -2.943271583307149331e-01
1.079878805128464958e-01 6.131087155658790366e-02
-1.988776604835143791e-01 3.651068089861497779e-01
3.480343672640759389e-01 3.221855467063718392e-01
1.103301127562708872e-01 -2.623702271657322171e-01
2.352697527683301759e-01 7.775470466822016480e-01
2.064576357859395916e-01 8.583629292696693946e-01
-1.010497442991217937e-01 4.388167016973174572e-01
-8.668702538908429345e-01 5.216587070961733463e-01
1.181401403137030681e-02 -8.963432368147715712e-01
-4.219914997255076461e-01 8.366290388111173593e-02
4.887464184445863835e-01 -8.331006368769660053e-01
1.072256170408455028e-01 5.398057218840219829e-01
3.044122041245236332e-01 7.664066337997036404e-01
-8.189108741512505230e-01 -3.642011664796287462e-01
8.093834204798283638e-01 4.403779721842125405e-01
2.050791022454894474e-01 5.929287915327032810e-01
7.749192019383686070e-01 8.181876659367287585e-01
9.311179073845354814e-01 -6.979481997200472909e-01
-8.363075104301077589e-01 -7.315576336038625005e-01
-9.007284347388569978e-01 8.983129361668562574e-01
-7.546148740706394298e-01 6.556308236886678742e-01
3.514903452324733002e-01 -3.968067154906838173e-02
-2.982655641561310911e-01 -2.504603278301046898e-01
-4.489595947565160894e-01 7.661712765335991770e-01
4.070231528809739596e-01 -8.783066468131224269e-01
-8.330298481822996648e-02 -3.919526292400686840e-01
-8.777292195157788690e-01 7.394020255394359031e-01
5.073623601848147313e-01 -3.330680451644696394e-01
5.557100472766061117e-01 -3.446560932792901433e-01
-3.454144116413439547e-01 7.920676357442462123e-01
9.078482414217149410e-01 -1.640611570665674590e-03
8.772557695760317964e-01 6.597776882702724999e-01
2.838292308578188594e-02 -2.318097506575880207e-01
3.978875883246983380e-01 -9.973342839664382786e-02
2.227863457672677738e-01 8.771517674030934186e-01
5.131074454885886649e-01 -3.251249726626813108e-01
-7.960481792759471764e-01 -5.317296304582800337e-01
4.720821673482451797e-02 -1.524132519444731382e-01
5.917339821557663360e-01 7.555666058523975437e-01
-5.957716563014057165e-01 6.810724585633530781e-01
8.909514873247580402e-01 7.885339245880380599e-01
-8.991773166995122857e-01 -7.572512032609759469e-01
-9.483105124271535846e-01 -2.929262462577947868e-01
-8.543070807608027506e-01 -3.315893321152597051e-01
-2.527117599703252449e-01 8.338427540871389265e-01
-5.410877719440455869e-02 -3.989231620196656558e-01
1.236301106018181453e-02 2.589876067348897970e-01
-7.271650232198383357e-01 5.027735670092586817e-01
6.851179084512243334e-01 5.899362979085877035e-01
7.369861145377725187e-01 -2.499161836158158290e-01
-1.253221563883818168e-01 -7.153369224526068271e-01
-4.994594961870915673e-01 8.778302139754707856e-01
-3.905962207457874813e-01 7.567653384241027625e-01
7.621497028700053855e-01 7.278804333175279417e-01
-6.361468442081031904e-01 7.186340894250361488e-01
2.375388885294068275e-01 -5.355806059127239394e-01
-3.102532392307233433e-01 -6.006775593798372448e-01
-1.251157420217633154e-01 -7.475908272467209903e-01
-6.503711771574627321e-01 -5.165813183057059721e-01
3.666214245123761151e-01 1.157537464730291066e-01
6.979508915885206388e-01 -4.964668141875846485e-01
2.248280977749691489e-01 -8.540156748168156176e-01
4.764524498937258018e-02 6.554014856239456233e-01
8.977314973198305958e-01 -9.313167211839783466e-01
-4.827283878782184789e-01 -4.764971626419868822e-01
-8.829813631067451318e-01 -8.438927629294115107e-01
-3.972313772998665310e-02 -8.210973163142255560e-01
-4.149700529196785337e-01 2.737107878564440933e-01
-4.010338123716268299e-01 -3.975398843226702339e-01
1.666140575584831029e-01 -2.244566075665969385e-01
3.848751358779344267e-01 -2.579690116045666587e-02
2.464694790582266093e-01 -2.774970725127724469e-01
-4.219038140108639645e-01 -6.435992592251892352e-01
8.451553425385043283e-01 5.107575894882503409e-01
8.182262903285247857e-01 -6.096306893036055330e-01
8.437657518289941594e-01 7.478889572565057264e-01
-4.219975291979404242e-01 -3.875001483185098183e-01
8.318930455845738314e-02 -5.739332763982230023e-01
-1.246782418395192549e-01 -5.637399003332941305e-01
8.503047082155305025e-01 -5.266893124841615786e-02
8.887647126557358668e-01 2.190954425772332625e-01
-8.127470127573930073e-03 8.472934263034977986e-01
-6.722617532515728911e-01 2.724212324310968381e-01
3.047279907183506054e-01 -1.346698237742788573e-01
-8.381270236393665307e-01 2.771471949391395712e-02
-5.206284634223439650e-02 5.579935803458805355e-01
-4.676936144452906174e-01 -1.737776348865711085e-01
-4.853601835018158672e-01 3.612903615781025701e-01
9.164486999269805256e-01 -6.288205513489505405e-01
5.986859497434294797e-01 -5.163327481868617008e-01
-8.571684755806170397e-01 -6.122050789178535846e-01
8.453735367251014043e-01 6.623212182317584906e-01
-3.799084828662818158e-01 8.293416274500599039e-01
6.622883883930470450e-01 -1.506396061039331491e-01
-5.472417099812849905e-02 2.378063003079244619e-01
-6.726860165708162809e-01 -8.458060951179421361e-01
-4.683043884014180258e-01 -8.545800395707471298e-01
3.341600616370293264e-01 7.689535279179490757e-02
-3.261020878129056166e-01 5.232976428307566374e-01
-6.852974694860959337e-01 -4.285311127855304658e-01
-4.089750447656562704e-01 -5.306486934630380015e-01
-7.662875190806812675e-01 7.073358157278863967e-01
-7.744516910061175485e-01 3.704462335393042260e-01
-7.444227455323589870e-01 -8.496996292540245355e-01
1.277661417202080874e-01 7.309543876801342099e-01
6.778394758363441852e-01 -3.256023124116935175e-01
-8.850533980990442640e-01 5.879745521528721985e-01
5.988572739531985434e-01 6.380353302471089005e-01
3.368227955885229608e-01 5.408885184019156522e-01
7.536178350791680192e-01 -1.203734673494371993e-01
1.102270161505552598e-01 5.724164798512935796e-03
3.735006238831113379e-01 3.129823041258885108e-01
5.385721102333214383e-02 5.921584334005451922e-01
2.605597482675129153e-02 5.869786721639341787e-01
-4.296877985487159157e-01 -5.612130233041308092e-01
9.045817006029389651e-01 3.939662598043860986e-01
-4.529376461561939182e-01 1.691989646722555640e-01
8.461397426132276633e-01 -8.004492059045351660e-01
-7.862962874995597096e-01 2.540915997117166314e-01
-5.115178163192034555e-01 5.051490313651161301e-01
1.372858980456971856e-01 2.942331563391547555e-01
-7.649412317628146996e-01 -7.154534227184402573e-01
2.337045057212393528e-01 -1.748600526384072040e-01
-7.907327968875451640e-01 -1.948956814787204672e-01
3.128987147889673581e-01 -5.773578246824420113e-01
7.732605210812079077e-01 7.768486973917044791e-01
8.882547934287142732e-01 3.732924030228619849e-01
-1.668671863033495684e-01 4.495196114157684608e-01
-4.117060775872264378e-01 -3.159637499160247165e-01
2.057388658372280299e-01 1.617099694529766096e-01
7.085619526251184519e-01 -4.789369710511566236e-01
5.265563633620372608e-01 7.728905830262559062e-01
-9.497898889720908233e-01 3.043086524048740568e-03
3.145032545865489304e-01 6.063407782009417879e-01
-5.847834603864717762e-01 6.734606273485131966e-01
-2.396859243430617681e-01 7.220192500040250039e-01
-9.171872803886825798e-01 -7.060205754784447674e-01
9.203796185004431418e-01 1.533790754050883276e-01
-1.719473648518531628e-01 -5.905935683423966243e-01
2.635293272212190785e-01 -8.512976350083339971e-01
-3.663639297825657115e-01 -3.017666979910583192e-01
2.112740433081340963e-01 2.628152771295217405e-01
6.777821742896098511e-01 7.411891247987167919e-01
3.087024774998504695e-01 1.264946780995482023e-01
-1.709285110421571996e-01 8.532759172424696503e-01
-6.393706133577418127e-01 7.466135287897085471e-01
-3.570698314465468592e-01 1.052250202314718580e-01
3.339375303358868563e-01 -4.934905007909003438e-01
-6.313353352646779992e-01 4.616221844834857840e-02
5.638423513771924078e-01 3.209116872470788029e-01
-7.058546523955596674e-01 7.600980492200094529e-01
-1.780685555325456706e-02 8.097055223682457781e-01
8.233509678723680003e-02 -7.558529941618862269e-01
-5.492735400054111761e-01 6.682490868138426521e-01
4.098457512628543853e-01 6.951551599508178914e-01
-3.235441411123583522e-01 6.649042341394799382e-02
2.903238155047584423e-01 1.565757310755148124e-01
-5.139608950052856340e-01 -1.074346667127199367e-01
-4.628826205030559526e-01 6.484196017641510323e-01
9.052112836325068024e-01 -8.290139102981870511e-01
3.988594959052399469e-01 -3.270851852352378852e-01
2.272704724659780351e-01 -4.490645178146887573e-01
2.811326987504197406e-01 -2.470416720224080653e-01
-3.710063883077154290e-01 7.637173111848021279e-01
8.465851781334700066e-01 1.643097877536986995e-01
-5.224981581324195101e-01 8.211872497353894795e-01
4.878308262999880851e-01 4.308689229812896482e-01
-5.327877894942535386e-01 6.238383459149642318e-01
-4.880494782547763477e-01 2.621493590452977362e-01
4.119192365543739021e-01 4.188072772506191144e-01
-1.965872715717931762e-01 4.800802537486376087e-01
7.701525438164745774e-01 1.207230668655950856e-01
-7.959586641522604644e-01 -6.330106496980458797e-01
-7.656898750371153861e-01 -5.552628288486364250e-01
-6.973547943944182759e-01 5.379680578845064121e-01
-8.876991782876513248e-01 -4.246716897284936176e-01
7.426778750050847533e-01 8.212066618970262910e-01
2.225267876070778916e-01 8.515093117369456621e-01
-8.472249538851198691e-01 8.536065441153682931e-01
-3.449137370546564441e-01 5.582048701361155274e-01
6.072934239755225505e-01 6.222509987682882659e-01
-5.883262824386267797e-02 7.826761156778673234e-01
-4.401649498577009378e-01 8.081644504184153366e-01
2.489969682082388003e-01 8.668891067427452191e-01
-8.781355568079592944e-01 4.505736155392404130e-01
1.242861871907433580e-01 -1.978240425954134671e-02
-4.658280420593554072e-01 -2.908449701413195476e-01
-4.893658813971007993e-01 -4.844699120349513777e-01
5.698530885812783664e-01 -2.346650082368094067e-02
-7.796295193913481691e-01 5.395980245020762789e-01
7.507998904852158928e-02 4.298173311340668379e-01
2.462713582826328573e-02 -1.823782858641349591e-01
9.026147091689714630e-01 -8.982914441983024245e-01
8.427935305304726787e-01 7.390667189269539694e-01
-2.206388854392469234e-01 -5.062785001751938241e-01
2.117226121390988758e-01 -5.934538252897507693e-01
5.650734487741319034e-01 -4.731437167172540259e-01
-3.784469339452595227e-01 7.715998454080522651e-01
7.677025929590428621e-01 2.661078067401770331e-02
6.830220607991622783e-01 -3.003571350995061229e-01
9.435465256167417936e-01 -1.661098137810455289e-01
-4.113846182403135265e-01 -8.100402013333151130e-01
9.294460955204906227e-01 -1.089290864911534040e-01
4.525450062529369766e-01 2.328928973222634535e-01
4.033446328883444898e-01 -8.325222765612407816e-01
8.184258079607857894e-01 7.329875804560792574e-01
1.203750898559457216e-01 8.341801233397682092e-01
-4.117291392490364799e-01 2.050542853116959774e-01
-1.909163985458233181e-01 2.411377973862002255e-01
-3.642431674690841392e-01 5.960618569710860459e-01
-8.392101864654025745e-01 -7.886171407653654875e-01
-8.729406322544681629e-01 -5.903606758298715063e-01
-1.778470090575318963e-01 8.332919006632538705e-01
-7.331466923089626775e-01 3.029576572165924575e-01
4.570953650651016220e-02 -2.679770689978107634e-01
-5.867701318299874957e-01 -4.773161039162879815e-01
-8.574403324510612157e-01 4.278295702622993968e-01
2.898866668040466776e-01 -1.159646488980547174e-01
3.981771435965940631e-01 -7.256779992795249212e-01
8.502558938732310834e-01 5.879939071333600831e-01
2.967527457245801026e-01 -2.338897121135789792e-01
-1.594585416720164794e-01 -2.453542716169309842e-02
8.444647491255752314e-01 6.171879432576674596e-01
-3.944446887858244627e-02 1.006459542953391795e-01
7.345893511067929094e-01 7.776816821935312873e-01
2.761574599325101187e-01 4.365437599387450018e-01
-2.627148945838685967e-01 7.697785786973448952e-01
6.426776081081307934e-01 6.290567170450078738e-02
7.151936251413684165e-01 5.986491804559128660e-01
5.692499633406887805e-01 -6.965108737133972605e-01
8.704056277983820977e-02 7.214864678242842722e-01
5.112522082101832455e-01 -1.685157606069562497e-01
8.970292536114369275e-01 -4.950633355487534804e-01
-2.952882616827522955e-01 8.368680052672942127e-01
6.055259497240347288e-01 6.953869753161633360e-01
-9.341863914433130578e-01 -1.721417845180565898e-01
-5.123143324570853530e-01 -3.445223186556511386e-01
4.628919129302239144e-01 3.831854444841943375e-01
-7.887925716664652420e-02 -2.401108331131350249e-01
1.625867151051675341e-01 5.310493439056887532e-02
1.015224733844013877e-01 2.041511697655511437e-01
-1.857999215385205960e-01 5.010897905787764506e-01
-4.658102301032456261e-01 3.047767569197764037e-01
8.523219965486490413e-01 -9.405421229747181755e-01
4.065383041080836146e-01 -7.278622148220378341e-01
8.913935153906088482e-02 2.254688511053720701e-01
-4.695369056565817378e-01 7.722923590009636019e-01
2.201069155028324287e-01 -4.965831072066901331e-01
4.953020100105209877e-01 -7.385089710996897150e-01
8.621244824489114611e-02 -7.376549825334519639e-01
1.425168220792293605e-01 -4.542540758889437313e-01
2.941902236700438822e-01 3.764631814318941117e-01
5.329005644728936064e-02 2.826378233542317653e-01
6.099254321722823446e-01 5.270809910999608716e-01
2.252821326362713372e-01 -9.953465894694724092e-02
-1.576320643327269733e-01 6.862793827835563798e-01
3.712185410084880011e-01 -5.886277381098612427e-01
1.439372999243971329e-01 7.332418778117105740e-01
-6.481135483137575592e-01 6.572809109372198533e-01
6.087670246312503197e-01 -3.089510067082612207e-02
-8.955366225044193440e-01 -5.946046010808264670e-01
7.824153688728928691e-01 -8.636133002420577354e-01
-2.368954358799905402e-01 2.271137310216160832e-01
-5.538759308362959377e-01 8.981572115067439910e-01
-6.522502624939413574e-01 1.036741424964896935e-01
2.118963930435342757e-01 -4.974586525169206186e-01
-6.447340752935085129e-02 -1.313597327290141198e-02
5.136108852574177153e-01 2.180946890502631075e-01
-5.395357060333078741e-02 3.049299590413317995e-01
-8.745044789590325496e-02 5.082496379427683258e-02
2.866968666725039361e-01 -5.912755925046082606e-01
5.524367187426089121e-01 1.593137082142921657e-01
9.003753586569392953e-01 -5.466347927875775392e-01
-4.578642039781602446e-02 7.186573223006021971e-01
2.033347675179318359e-01 3.992427645918572576e-01
-1.555893138966006339e-01 3.413368977126627346e-01
8.341736795669660864e-01 -5.835990749659314414e-01
6.061686131269132805e-01 8.206585315398219338e-01
-9.361546161912003283e-01 -4.700196721304944480e-01
-7.150735221625590388e-01 5.191359595074053201e-01
-7.731109448570755438e-01 9.402416002323427113e-01
-1.910852798801296881e-01 7.430593865780689145e-01
-5.948466159195460179e-01 -7.804511024311983070e-02
6.600059245817466724e-01 1.403114177230667947e-01
-7.136168800798088629e-02 2.638775632052909811e-02
1.377096491558925939e-01 -1.147881484630608601e-01
-6.005383010473757111e-01 -6.697256173793286749e-01
-6.838731892932271572e-01 -7.769774915668837822e-01
1.276889456167394077e-01 6.234190110391594208e-01
-2.875529874529469399e-01 -7.549921009154121343e-01
-1.364880470877367358e-01 1.913738616928633562e-01
-1.274176454827511407e-01 5.688670068110831535e-01
8.573110029483129724e-01 6.280013981053821359e-01
3.864844973772080805e-01 -7.263906589260747670e-02
3.247930931048004233e-01 -8.969430085904552818e-01
9.021207673012963113e-01 -6.378131934573325612e-01
7.866630970374112186e-01 5.177292821694593483e-01
5.599351583964981005e-01 -4.457272117532941613e-01
-5.372723077983914131e-01 -1.027131223068891430e-01
6.619540965182244552e-01 -1.221489320929200206e-01
8.210266143687299234e-01 -3.068246842812826225e-01
2.492950063609696842e-01 8.582807860984416060e-01
2.516829492963157944e-01 -8.352860333487972522e-01
-7.695312982471382013e-02 -2.954757007119093726e-01
5.120247882946832307e-02 -3.922771538737091501e-01
-7.103851215255914120e-01 3.393956125633696419e-01
3.618461695000556033e-01 6.471567778026828810e-01
-6.850985158000322262e-01 5.741642267851536641e-01
6.280792975670739242e-01 2.347266130198382705e-01
-5.720942871054444101e-01 -4.041037737515724149e-01
-1.530224085904900999e-01 8.315525852113866967e-02
-4.440625928541527129e-02 -5.675664423815952875e-02
6.633017820991848890e-01 6.378141190765032054e-01
6.197642943632364343e-01 6.538796830401237825e-01
1.565312813823160065e-01 8.326337866491901885e-01
2.073929840104009326e-01 1.781085343229261708e-01
-3.351626529274360777e-01 3.444750441469860980e-01
-8.687935199853530355e-01 -6.193701281689044658e-01
-6.958180870195953549e-01 3.149858306258030982e-01
-6.246547134745923380e-01 -2.571722592919941652e-01
-8.787454845576803120e-01 -4.392762518963024276e-01
8.830487416179131355e-01 -2.653477461771634044e-02
-6.623411639212395396e-01 7.397944760631887384e-02
8.602011035120649129e-01 6.202102461504590547e-01
-2.152387515362614578e-01 -3.808685076582415951e-01
4.855873093368603399e-01 -4.936198171563961345e-01
-4.865664839878809933e-01 -7.293916164614623332e-01
6.899267731345936072e-01 -1.280058002441080700e-01
1.284527659984353309e-01 4.223660812104179652e-01
5.612764738514545160e-01 -1.224365137509236673e-01
-5.853175806324492081e-01 6.238233169747438023e-01
-8.709883690484689911e-01 8.514259736694611558e-01
